polygon
0.000002 9.956310 -9.268141 4.880926 9.956310 -8.578629 4.245390 5.406609 -8.302394 
polygon
4.245390 5.406609 -8.302394 0.000002 5.406609 -8.967142 0.000002 9.956310 -9.268141 
polygon
0.000002 20.354275 -8.731635 5.397824 20.354275 -8.086264 4.880926 9.956310 -8.578629 
polygon
4.880926 9.956310 -8.578629 0.000002 9.956310 -9.268141 0.000002 20.354275 -8.731635 
polygon
0.000002 24.930033 -8.068970 6.279716 24.930033 -7.151316 5.397824 20.354275 -8.086264 
polygon
5.397824 20.354275 -8.086264 0.000002 20.354275 -8.731635 0.000002 24.930033 -8.068970 
polygon
0.000002 29.594875 -6.295588 6.366506 29.594875 -4.477769 6.279716 24.930033 -7.151316 
polygon
6.279716 24.930033 -7.151316 0.000002 24.930033 -8.068970 0.000002 29.594875 -6.295588 
polygon
4.433893 34.348816 -1.167853 5.013674 32.922630 -2.160828 0.000002 32.922630 -4.046806 
polygon
0.000002 32.922630 -4.046806 0.000002 34.348816 -3.083042 4.433893 34.348816 -1.167853 
polygon
-0.030817 33.708698 7.447677 2.547125 33.708698 6.411435 2.560671 34.733963 5.960437 
polygon
2.560671 34.733963 5.960437 -0.044024 34.733963 6.870461 -0.030817 33.708698 7.447677 
polygon
0.000002 27.083450 9.728279 2.752947 27.083450 8.860886 2.515524 31.316414 7.463762 
polygon
2.515524 31.316414 7.463762 0.000002 31.316414 8.794516 0.000002 27.083450 9.728279 
polygon
0.000002 22.057690 9.284502 3.383627 22.057690 8.447704 2.752947 27.083450 8.860886 
polygon
2.752947 27.083450 8.860886 0.000002 27.083450 9.728279 0.000002 22.057690 9.284502 
polygon
0.000002 11.406078 6.976727 5.334432 11.406078 6.329784 3.383627 22.057690 8.447704 
polygon
3.383627 22.057690 8.447704 0.000002 22.057690 9.284502 0.000002 11.406078 6.976727 
polygon
0.000002 6.267431 5.304848 5.820605 6.267431 4.795453 5.334432 11.406078 6.329784 
polygon
5.334432 11.406078 6.329784 0.000002 11.406078 6.976727 0.000002 6.267431 5.304848 
polygon
5.820605 6.267431 4.795453 0.000002 6.267431 5.304848 0.000002 2.634074 2.141191 
polygon
0.000002 2.634074 2.141191 5.714616 2.634074 1.892067 5.820605 6.267431 4.795453 
polygon
1.718889 0.010799 -1.397239 3.969698 -0.011260 -1.279071 4.225012 0.010834 1.129398 
polygon
4.225012 0.010834 1.129398 1.529310 -0.011295 1.292647 1.718889 0.010799 -1.397239 
polygon
0.000002 1.247112 -7.780252 4.032640 1.247112 -7.213143 5.572167 1.759177 -2.858449 
polygon
5.572167 1.759177 -2.858449 0.000002 1.759180 -3.035180 0.000002 1.247112 -7.780252 
polygon
0.000002 1.328766 -11.662742 1.863649 1.328766 -10.776228 4.032640 1.247112 -7.213143 
polygon
4.032640 1.247112 -7.213143 0.000002 1.247112 -7.780252 0.000002 1.328766 -11.662742 
polygon
6.902411 6.052224 1.628191 7.845326 11.043639 2.602684 5.334432 11.406078 6.329784 
polygon
5.334432 11.406078 6.329784 5.820605 6.267431 4.795453 6.902411 6.052224 1.628191 
polygon
7.251592 5.837026 -1.539071 8.712852 10.681198 -1.124420 7.845326 11.043639 2.602684 
polygon
7.845326 11.043639 2.602684 6.902411 6.052224 1.628191 7.251592 5.837026 -1.539071 
polygon
6.467696 5.621816 -4.706327 7.710567 10.318754 -4.851524 8.712852 10.681198 -1.124420 
polygon
8.712852 10.681198 -1.124420 7.251592 5.837026 -1.539071 6.467696 5.621816 -4.706327 
polygon
4.245390 5.406609 -8.302394 4.880926 9.956310 -8.578629 7.710567 10.318754 -4.851524 
polygon
7.710567 10.318754 -4.851524 6.467696 5.621816 -4.706327 4.245390 5.406609 -8.302394 
polygon
7.845326 11.043639 2.602684 7.282556 21.631836 4.314213 3.383627 22.057690 8.447704 
polygon
3.383627 22.057690 8.447704 5.334432 11.406078 6.329784 7.845326 11.043639 2.602684 
polygon
8.712852 10.681198 -1.124420 8.573396 21.205971 0.180722 7.282556 21.631836 4.314213 
polygon
7.282556 21.631836 4.314213 7.845326 11.043639 2.602684 8.712852 10.681198 -1.124420 
polygon
7.710567 10.318754 -4.851524 8.032834 20.780125 -3.952771 8.573396 21.205971 0.180722 
polygon
8.573396 21.205971 0.180722 8.712852 10.681198 -1.124420 7.710567 10.318754 -4.851524 
polygon
5.397824 20.354275 -8.086264 8.032834 20.780125 -3.952771 7.710567 10.318754 -4.851524 
polygon
7.710567 10.318754 -4.851524 4.880926 9.956310 -8.578629 5.397824 20.354275 -8.086264 
polygon
7.282556 21.631836 4.314213 6.861341 26.640636 4.660455 2.752947 27.083450 8.860886 
polygon
2.752947 27.083450 8.860886 3.383627 22.057690 8.447704 7.282556 21.631836 4.314213 
polygon
8.573396 21.205971 0.180722 8.109918 26.006744 0.925491 6.861341 26.640636 4.660455 
polygon
6.861341 26.640636 4.660455 7.282556 21.631836 4.314213 8.573396 21.205971 0.180722 
polygon
8.032834 20.780125 -3.952771 7.878983 25.468390 -3.112912 8.109918 26.006744 0.925491 
polygon
8.109918 26.006744 0.925491 8.573396 21.205971 0.180722 8.032834 20.780125 -3.952771 
polygon
5.397824 20.354275 -8.086264 6.279716 24.930033 -7.151316 7.878983 25.468390 -3.112912 
polygon
7.878983 25.468390 -3.112912 8.032834 20.780125 -3.952771 5.397824 20.354275 -8.086264 
polygon
6.861341 26.640636 4.660455 5.037859 30.886023 4.648761 2.515524 31.316414 7.463762 
polygon
2.515524 31.316414 7.463762 2.752947 27.083450 8.860886 6.861341 26.640636 4.660455 
polygon
8.583148 26.197821 1.124042 6.409169 30.455650 1.696526 5.037859 30.886023 4.648761 
polygon
5.037859 30.886023 4.648761 6.861341 26.640636 4.660455 8.583148 26.197821 1.124042 
polygon
7.878983 25.468390 -3.112912 6.933219 30.025255 -1.345650 6.409169 30.455650 1.696526 
polygon
6.409169 30.455650 1.696526 8.109918 26.006744 0.925491 7.878983 25.468390 -3.112912 
polygon
6.279716 24.930033 -7.151316 6.366506 29.594875 -4.477769 6.933219 30.025255 -1.345650 
polygon
6.933219 30.025255 -1.345650 7.878983 25.468390 -3.112912 6.279716 24.930033 -7.151316 
polygon
2.547125 33.708698 6.411435 4.096891 33.506508 4.142068 3.693617 34.629570 3.924915 
polygon
3.693617 34.629570 3.924915 2.560671 34.733963 5.960437 2.547125 33.708698 6.411435 
polygon
4.096891 33.506508 4.142068 4.810873 33.323574 2.077936 4.125887 34.552689 2.241398 
polygon
4.125887 34.552689 2.241398 3.693617 34.629570 3.924915 4.096891 33.506508 4.142068 
polygon
4.810873 33.323574 2.077936 5.217284 33.123104 -0.023030 4.481882 34.450748 0.543808 
polygon
4.481882 34.450748 0.543808 4.125887 34.552689 2.241398 4.810873 33.323574 2.077936 
polygon
5.217284 33.123104 -0.023030 5.013674 32.922630 -2.160828 4.433893 34.348816 -1.167853 
polygon
4.433893 34.348816 -1.167853 4.481882 34.450748 0.543808 5.217284 33.123104 -0.023030 
polygon
5.820605 6.267431 4.795453 5.714616 2.634074 1.892067 6.902411 6.052224 1.628191 
polygon
6.902411 6.052224 1.628191 5.714616 2.634074 1.892067 5.572167 1.759177 -2.858449 
polygon
5.572167 1.759177 -2.858449 7.251592 5.837026 -1.539071 6.902411 6.052224 1.628191 
polygon
7.251592 5.837026 -1.539071 5.572167 1.759177 -2.858449 4.032640 1.247112 -7.213143 
polygon
4.032640 1.247112 -7.213143 6.467696 5.621816 -4.706327 7.251592 5.837026 -1.539071 
polygon
6.467696 5.621816 -4.706327 4.032640 1.247112 -7.213143 1.863649 1.328766 -10.776228 
polygon
1.863649 1.328766 -10.776228 4.245390 5.406609 -8.302394 6.467696 5.621816 -4.706327 
polygon
0.000002 1.328766 -11.662742 0.000002 5.406609 -8.967142 4.245390 5.406609 -8.302394 
polygon
4.245390 5.406609 -8.302394 1.863649 1.328766 -10.776228 0.000002 1.328766 -11.662742 
polygon
-0.044024 35.671757 6.950527 2.030054 35.744560 6.091060 1.499441 36.755150 6.221683 
polygon
1.499441 36.755150 6.221683 -0.044024 36.609543 7.030593 -0.044024 35.671757 6.950527 
polygon
4.064348 35.257111 -0.641214 0.000002 35.257111 -2.340532 0.000002 36.165401 -1.598022 
polygon
0.000002 36.165401 -1.598022 3.694803 36.165401 -0.114575 4.064348 35.257111 -0.641214 
polygon
4.080355 35.360893 0.975355 4.064348 35.257111 -0.641214 3.694803 36.165401 -0.114575 
polygon
3.694803 36.165401 -0.114575 3.678827 36.271038 1.406901 4.080355 35.360893 0.975355 
polygon
3.730497 35.464676 2.578634 4.080355 35.360893 0.975355 3.678827 36.271038 1.406901 
polygon
3.678827 36.271038 1.406901 3.335104 36.376663 2.915870 3.730497 35.464676 2.578634 
polygon
3.312094 35.565460 4.168622 3.730497 35.464676 2.578634 3.335104 36.376663 2.915870 
polygon
3.335104 36.376663 2.915870 2.930571 36.501354 4.412331 3.312094 35.565460 4.168622 
polygon
2.030054 35.744560 6.091060 3.312094 35.565460 4.168622 2.930571 36.501354 4.412331 
polygon
2.930571 36.501354 4.412331 1.499441 36.755150 6.221683 2.030054 35.744560 6.091060 
polygon
1.499441 36.755150 6.221683 0.000002 37.623272 8.134649 -0.044024 36.609543 7.030593 
polygon
3.694803 36.165401 -0.114575 0.000002 36.165401 -1.598022 0.000002 38.414646 -0.042756 
polygon
0.000002 38.414646 -0.042756 2.170446 38.565323 0.784802 3.694803 36.165401 -0.114575 
polygon
3.678827 36.271038 1.406901 3.694803 36.165401 -0.114575 2.170446 38.565323 0.784802 
polygon
2.170446 38.565323 0.784802 2.387564 38.812145 1.841613 3.678827 36.271038 1.406901 
polygon
3.335104 36.376663 2.915870 3.678827 36.271038 1.406901 2.387564 38.812145 1.841613 
polygon
2.387564 38.812145 1.841613 2.427412 38.870274 3.726231 3.335104 36.376663 2.915870 
polygon
2.930571 36.501354 4.412331 3.335104 36.376663 2.915870 2.427412 38.870274 3.726231 
polygon
2.427412 38.870274 3.726231 2.362127 38.831890 5.730889 2.930571 36.501354 4.412331 
polygon
1.499441 36.755150 6.221683 1.353472 38.631878 6.792319 0.623857 38.539589 7.853758 
polygon
0.000002 38.041824 10.013725 0.000002 37.623272 8.134649 0.623857 38.539589 7.853758 
polygon
0.623857 38.539589 7.853758 0.325872 38.425472 10.040699 0.000002 38.041824 10.013725 
polygon
0.967932 39.041882 0.877426 0.000002 39.247139 0.892541 0.000002 40.167740 2.219964 
polygon
0.000002 40.167740 2.219964 1.079271 39.703449 2.055724 0.967932 39.041882 0.877426 
polygon
1.079271 39.703449 2.055724 0.000002 40.167740 2.219964 0.000002 40.429710 3.727417 
polygon
0.000002 40.429710 3.727417 1.121759 40.156101 3.727197 1.079271 39.703449 2.055724 
polygon
1.121759 40.156101 3.727197 0.000002 40.429710 3.727417 0.000002 40.190777 5.816256 
polygon
0.000002 40.190777 5.816256 1.110590 39.981380 5.804092 1.121759 40.156101 3.727197 
polygon
0.000002 39.488674 7.039271 0.000002 39.070934 8.262290 0.271124 38.934319 8.123095 
polygon
0.271124 38.934319 8.123095 0.626295 39.331837 6.963593 0.000002 39.488674 7.039271 
polygon
0.271124 38.934319 8.123095 0.000002 39.070934 8.262290 0.000002 38.607780 10.133162 
polygon
0.325872 38.425472 10.040699 0.000002 38.057133 11.662742 0.000002 38.041824 10.013725 
polygon
0.000002 38.607780 10.133162 0.000002 38.057133 11.662742 0.325872 38.425472 10.040699 
polygon
0.967932 39.041882 0.877426 2.170446 38.565323 0.784802 0.000002 38.414646 -0.042756 
polygon
2.170446 38.565323 0.784802 0.967932 39.041882 0.877426 1.079271 39.703449 2.055724 
polygon
1.079271 39.703449 2.055724 2.387564 38.812145 1.841613 2.170446 38.565323 0.784802 
polygon
2.387564 38.812145 1.841613 1.079271 39.703449 2.055724 1.121759 40.156101 3.727197 
polygon
1.121759 40.156101 3.727197 2.427412 38.870274 3.726231 2.387564 38.812145 1.841613 
polygon
2.427412 38.870274 3.726231 1.121759 40.156101 3.727197 1.110590 39.981380 5.804092 
polygon
1.110590 39.981380 5.804092 2.362127 38.831890 5.730889 2.427412 38.870274 3.726231 
polygon
0.626295 39.331837 6.963593 0.271124 38.934319 8.123095 0.623857 38.539589 7.853758 
polygon
0.623857 38.539589 7.853758 1.353472 38.631878 6.792319 0.626295 39.331837 6.963593 
polygon
0.623857 38.539589 7.853758 0.271124 38.934319 8.123095 0.000002 38.607780 10.133162 
polygon
0.000002 38.607780 10.133162 0.325872 38.425472 10.040699 0.623857 38.539589 7.853758 
polygon
0.000002 39.247139 0.892541 0.967932 39.041882 0.877426 0.000002 38.414646 -0.042756 
polygon
1.203222 0.366029 -1.888621 1.718889 0.010799 -1.397239 1.529310 -0.011295 1.292647 
polygon
1.529310 -0.011295 1.292647 1.203241 0.808090 1.547211 1.203222 0.366029 -1.888621 
polygon
3.945368 0.048995 2.619658 3.757238 0.000000 3.709836 1.881525 -0.000315 3.777031 
polygon
1.881525 -0.000315 3.777031 1.754900 0.029002 2.782907 3.945368 0.048995 2.619658 
polygon
4.480593 0.823580 1.358199 4.225012 0.010834 1.129398 3.969698 -0.011260 -1.279071 
polygon
3.969698 -0.011260 -1.279071 4.406439 0.350588 -1.752884 4.480593 0.823580 1.358199 
polygon
4.406439 0.350588 -1.752884 3.969698 -0.011260 -1.279071 1.718889 0.010799 -1.397239 
polygon
1.718889 0.010799 -1.397239 1.203222 0.366029 -1.888621 4.406439 0.350588 -1.752884 
polygon
6.409169 30.455650 1.696526 8.583148 26.197821 1.124042 8.109918 26.006744 0.925491 
polygon
8.109918 26.006744 0.925491 8.625627 20.725677 0.921592 7.534320 21.359583 5.185877 
polygon
7.534320 21.359583 5.185877 6.861341 26.640636 4.660455 8.109918 26.006744 0.925491 
polygon
6.861341 26.640636 4.660455 7.534320 21.359583 5.185877 9.231332 20.916754 1.067907 
polygon
9.231332 20.916754 1.067907 8.583148 26.197821 1.124042 6.861341 26.640636 4.660455 
polygon
8.583148 26.197821 1.124042 9.231332 20.916754 1.067907 8.625627 20.725677 0.921592 
polygon
8.625627 20.725677 0.921592 8.109918 26.006744 0.925491 8.583148 26.197821 1.124042 
polygon
8.625627 20.725677 0.921592 8.828218 16.654060 0.873455 8.110967 17.287952 4.242206 
polygon
8.110967 17.287952 4.242206 7.534320 21.359583 5.185877 8.625627 20.725677 0.921592 
polygon
7.534320 21.359583 5.185877 8.110967 17.287952 4.242206 9.423196 16.845137 0.977362 
polygon
9.423196 16.845137 0.977362 9.231332 20.916754 1.067907 7.534320 21.359583 5.185877 
polygon
9.231332 20.916754 1.067907 9.423196 16.845137 0.977362 8.828218 16.654060 0.873455 
polygon
8.828218 16.654060 0.873455 8.625627 20.725677 0.921592 9.231332 20.916754 1.067907 
polygon
8.828218 16.654060 0.873455 8.744056 14.070237 1.936293 8.348260 14.097528 2.773957 
polygon
8.348260 14.097528 2.773957 8.110967 17.287952 4.242206 8.828218 16.654060 0.873455 
polygon
8.110967 17.287952 4.242206 8.348260 14.097528 2.773957 8.744056 14.070237 1.936293 
polygon
8.744056 14.070237 1.936293 9.423196 16.845137 0.977362 8.110967 17.287952 4.242206 
polygon
9.423196 16.845137 0.977362 8.744056 14.070237 1.936293 8.828218 16.654060 0.873455 
polygon
1.110590 39.981380 5.804092 0.000002 40.190777 5.816256 0.000002 39.488674 7.039271 
polygon
0.000002 39.488674 7.039271 0.626295 39.331837 6.963593 1.110590 39.981380 5.804092 
polygon
1.499441 36.755150 6.221683 2.930571 36.501354 4.412331 2.362127 38.831890 5.730889 
polygon
2.362127 38.831890 5.730889 1.353472 38.631878 6.792319 1.499441 36.755150 6.221683 
polygon
1.110590 39.981380 5.804092 0.626295 39.331837 6.963593 1.353472 38.631878 6.792319 
polygon
1.353472 38.631878 6.792319 2.362127 38.831890 5.730889 1.110590 39.981380 5.804092 
polygon
0.000002 2.634074 2.141191 1.203241 0.808090 1.547211 4.480593 0.823580 1.358199 
polygon
4.480593 0.823580 1.358199 5.714616 2.634074 1.892067 0.000002 2.634074 2.141191 
polygon
5.714616 2.634074 1.892067 4.480593 0.823580 1.358199 4.406439 0.350588 -1.752884 
polygon
4.406439 0.350588 -1.752884 5.572167 1.759177 -2.858449 5.714616 2.634074 1.892067 
polygon
5.572167 1.759177 -2.858449 4.406439 0.350588 -1.752884 1.203222 0.366029 -1.888621 
polygon
1.203222 0.366029 -1.888621 0.000002 1.759180 -3.035180 5.572167 1.759177 -2.858449 
polygon
0.000002 1.759180 -3.035180 1.203222 0.366029 -1.888621 1.203241 0.808090 1.547211 
polygon
1.203241 0.808090 1.547211 0.000002 2.634074 2.141191 0.000002 1.759180 -3.035180 
polygon
1.203241 0.808090 1.547211 1.529310 -0.011295 1.292647 1.721289 0.769289 3.037470 
polygon
1.529310 -0.011295 1.292647 4.225012 0.010834 1.129398 3.945368 0.048995 2.619658 
polygon
3.945368 0.048995 2.619658 1.754900 0.029002 2.782907 1.529310 -0.011295 1.292647 
polygon
4.225012 0.010834 1.129398 3.941149 0.783284 2.848458 3.945368 0.048995 2.619658 
polygon
4.480593 0.823580 1.358199 1.203241 0.808090 1.547211 1.721289 0.769289 3.037470 
polygon
1.721289 0.769289 3.037470 3.941149 0.783284 2.848458 4.480593 0.823580 1.358199 
polygon
1.721289 0.769289 3.037470 1.754900 0.029002 2.782907 1.881525 -0.000315 3.777031 
polygon
3.945368 0.048995 2.619658 3.941149 0.783284 2.848458 3.757238 0.000000 3.709836 
polygon
3.941149 0.783284 2.848458 1.721289 0.769289 3.037470 1.881525 -0.000315 3.777031 
polygon
1.881525 -0.000315 3.777031 3.757238 0.000000 3.709836 3.941149 0.783284 2.848458 
polygon
4.225012 0.010834 1.129398 4.480593 0.823580 1.358199 3.941149 0.783284 2.848458 
polygon
1.721289 0.769289 3.037470 1.529310 -0.011295 1.292647 1.754900 0.029002 2.782907 
polygon
1.499441 36.755150 6.221683 0.623857 38.539589 7.853758 0.000002 37.623272 8.134649 
polygon
0.000002 9.956310 -9.268141 0.000002 5.406609 -8.967142 -4.245386 5.406609 -8.302390 
polygon
-4.245386 5.406609 -8.302390 -4.880926 9.956311 -8.578629 0.000002 9.956310 -9.268141 
polygon
0.000002 20.354275 -8.731635 0.000002 9.956310 -9.268141 -4.880926 9.956311 -8.578629 
polygon
-4.880926 9.956311 -8.578629 -5.397821 20.354275 -8.086264 0.000002 20.354275 -8.731635 
polygon
0.000002 24.930033 -8.068970 0.000002 20.354275 -8.731635 -5.397821 20.354275 -8.086264 
polygon
-5.397821 20.354275 -8.086264 -6.279715 24.930033 -7.151307 0.000002 24.930033 -8.068970 
polygon
0.000002 29.594875 -6.295588 0.000002 24.930033 -8.068970 -6.279715 24.930033 -7.151307 
polygon
-6.279715 24.930033 -7.151307 -6.366503 29.594875 -4.477769 0.000002 29.594875 -6.295588 
polygon
-4.433889 34.348816 -1.167853 0.000002 34.348816 -3.083042 0.000002 32.922630 -4.046806 
polygon
0.000002 32.922630 -4.046806 -5.013674 32.922630 -2.160828 -4.433889 34.348816 -1.167853 
polygon
-2.534986 33.724506 6.411435 -0.030817 33.708698 7.447677 -0.044024 34.733963 6.870461 
polygon
-0.044024 34.733963 6.870461 -2.543329 34.756546 5.960437 -2.534986 33.724506 6.411435 
polygon
0.000002 27.083450 9.728279 0.000002 31.316414 8.794516 -2.515520 31.316414 7.463762 
polygon
-2.515520 31.316414 7.463762 -2.752943 27.083450 8.860886 0.000002 27.083450 9.728279 
polygon
0.000002 22.057690 9.284502 0.000002 27.083450 9.728279 -2.752943 27.083450 8.860886 
polygon
-2.752943 27.083450 8.860886 -3.383627 22.057690 8.447704 0.000002 22.057690 9.284502 
polygon
0.000002 11.406078 6.976727 0.000002 22.057690 9.284502 -3.383627 22.057690 8.447704 
polygon
-3.383627 22.057690 8.447704 -5.334429 11.406078 6.329784 0.000002 11.406078 6.976727 
polygon
0.000002 6.267431 5.304848 0.000002 11.406078 6.976727 -5.334429 11.406078 6.329784 
polygon
-5.334429 11.406078 6.329784 -5.820604 6.267431 4.795453 0.000002 6.267431 5.304848 
polygon
-5.820604 6.267431 4.795453 -5.714613 2.634074 1.892067 0.000002 2.634074 2.141191 
polygon
0.000002 2.634074 2.141191 0.000002 6.267431 5.304848 -5.820604 6.267431 4.795453 
polygon
-1.718889 0.010799 -1.397239 -1.529306 -0.011295 1.292647 -4.225008 0.010834 1.129398 
polygon
-4.225008 0.010834 1.129398 -3.969694 -0.011260 -1.279071 -1.718889 0.010799 -1.397239 
polygon
0.000002 1.247112 -7.780252 0.000002 1.759180 -3.035180 -5.572168 1.759180 -2.858449 
polygon
-5.572168 1.759180 -2.858449 -4.032637 1.247112 -7.213143 0.000002 1.247112 -7.780252 
polygon
0.000002 1.328766 -11.662742 0.000002 1.247112 -7.780252 -4.032637 1.247112 -7.213143 
polygon
-4.032637 1.247112 -7.213143 -1.863649 1.328766 -10.776228 0.000002 1.328766 -11.662742 
polygon
-6.902411 6.052226 1.628191 -5.820604 6.267431 4.795453 -5.334429 11.406078 6.329784 
polygon
-5.334429 11.406078 6.329784 -7.845327 11.043639 2.602684 -6.902411 6.052226 1.628191 
polygon
-7.251589 5.837025 -1.539071 -6.902411 6.052226 1.628191 -7.845327 11.043639 2.602684 
polygon
-7.845327 11.043639 2.602684 -8.712851 10.681196 -1.124420 -7.251589 5.837025 -1.539071 
polygon
-6.467695 5.621814 -4.706327 -7.251589 5.837025 -1.539071 -8.712851 10.681196 -1.124420 
polygon
-8.712851 10.681196 -1.124420 -7.710566 10.318754 -4.851524 -6.467695 5.621814 -4.706327 
polygon
-4.245386 5.406609 -8.302390 -6.467695 5.621814 -4.706327 -7.710566 10.318754 -4.851524 
polygon
-7.710566 10.318754 -4.851524 -4.880926 9.956311 -8.578629 -4.245386 5.406609 -8.302390 
polygon
-7.845327 11.043639 2.602684 -5.334429 11.406078 6.329784 -3.383627 22.057690 8.447704 
polygon
-3.383627 22.057690 8.447704 -7.282553 21.631836 4.314213 -7.845327 11.043639 2.602684 
polygon
-8.712851 10.681196 -1.124420 -7.845327 11.043639 2.602684 -7.282553 21.631836 4.314213 
polygon
-7.282553 21.631836 4.314213 -8.573393 21.205971 0.180722 -8.712851 10.681196 -1.124420 
polygon
-7.710566 10.318754 -4.851524 -8.712851 10.681196 -1.124420 -8.573393 21.205971 0.180722 
polygon
-8.573393 21.205971 0.180722 -8.032831 20.780125 -3.952771 -7.710566 10.318754 -4.851524 
polygon
-5.397821 20.354275 -8.086264 -4.880926 9.956311 -8.578629 -7.710566 10.318754 -4.851524 
polygon
-7.710566 10.318754 -4.851524 -8.032831 20.780125 -3.952771 -5.397821 20.354275 -8.086264 
polygon
-7.282553 21.631836 4.314213 -3.383627 22.057690 8.447704 -2.752943 27.083450 8.860886 
polygon
-2.752943 27.083450 8.860886 -6.861341 26.640636 4.660453 -7.282553 21.631836 4.314213 
polygon
-8.573393 21.205971 0.180722 -7.282553 21.631836 4.314213 -6.861341 26.640636 4.660453 
polygon
-6.861341 26.640636 4.660453 -8.109915 26.006744 0.925491 -8.573393 21.205971 0.180722 
polygon
-8.032831 20.780125 -3.952771 -8.573393 21.205971 0.180722 -8.109915 26.006744 0.925491 
polygon
-8.109915 26.006744 0.925491 -7.878981 25.468390 -3.112912 -8.032831 20.780125 -3.952771 
polygon
-5.397821 20.354275 -8.086264 -8.032831 20.780125 -3.952771 -7.878981 25.468390 -3.112912 
polygon
-7.878981 25.468390 -3.112912 -6.279715 24.930033 -7.151307 -5.397821 20.354275 -8.086264 
polygon
-6.861341 26.640636 4.660453 -2.752943 27.083450 8.860886 -2.515520 31.316414 7.463762 
polygon
-2.515520 31.316414 7.463762 -5.037859 30.886023 4.648760 -6.861341 26.640636 4.660453 
polygon
-8.583147 26.197821 1.124042 -6.861341 26.640636 4.660453 -5.037859 30.886023 4.648760 
polygon
-5.037859 30.886023 4.648760 -6.409170 30.455650 1.696526 -8.583147 26.197821 1.124042 
polygon
-7.878981 25.468390 -3.112912 -8.109915 26.006744 0.925491 -6.409170 30.455650 1.696526 
polygon
-6.409170 30.455650 1.696526 -6.933218 30.025255 -1.345650 -7.878981 25.468390 -3.112912 
polygon
-6.279715 24.930033 -7.151307 -7.878981 25.468390 -3.112912 -6.933218 30.025255 -1.345650 
polygon
-6.933218 30.025255 -1.345650 -6.366503 29.594875 -4.477769 -6.279715 24.930033 -7.151307 
polygon
-4.066072 33.524040 4.142068 -2.534986 33.724506 6.411435 -2.543329 34.756546 5.960437 
polygon
-2.543329 34.756546 5.960437 -3.649591 34.654613 3.924915 -4.066072 33.524040 4.142068 
polygon
-4.810869 33.323574 2.077936 -4.066072 33.524040 4.142068 -3.649591 34.654613 3.924915 
polygon
-3.649591 34.654613 3.924915 -4.125887 34.552689 2.241398 -4.810869 33.323574 2.077936 
polygon
-5.217283 33.123104 -0.023030 -4.810869 33.323574 2.077936 -4.125887 34.552689 2.241398 
polygon
-4.125887 34.552689 2.241398 -4.481878 34.450748 0.543808 -5.217283 33.123104 -0.023030 
polygon
-5.013674 32.922630 -2.160828 -5.217283 33.123104 -0.023030 -4.481878 34.450748 0.543808 
polygon
-4.481878 34.450748 0.543808 -4.433889 34.348816 -1.167853 -5.013674 32.922630 -2.160828 
polygon
-5.820604 6.267431 4.795453 -6.902411 6.052226 1.628191 -5.714613 2.634074 1.892067 
polygon
-6.902411 6.052226 1.628191 -7.251589 5.837025 -1.539071 -5.572168 1.759180 -2.858449 
polygon
-5.572168 1.759180 -2.858449 -5.714613 2.634074 1.892067 -6.902411 6.052226 1.628191 
polygon
-7.251589 5.837025 -1.539071 -6.467695 5.621814 -4.706327 -4.032637 1.247112 -7.213143 
polygon
-4.032637 1.247112 -7.213143 -5.572168 1.759180 -2.858449 -7.251589 5.837025 -1.539071 
polygon
-6.467695 5.621814 -4.706327 -4.245386 5.406609 -8.302390 -1.863649 1.328766 -10.776228 
polygon
-1.863649 1.328766 -10.776228 -4.032637 1.247112 -7.213143 -6.467695 5.621814 -4.706327 
polygon
0.000002 1.328766 -11.662742 -1.863649 1.328766 -10.776228 -4.245386 5.406609 -8.302390 
polygon
-4.245386 5.406609 -8.302390 0.000002 5.406609 -8.967142 0.000002 1.328766 -11.662742 
polygon
-2.025217 35.743332 6.091060 -0.044024 35.671757 6.950527 -0.044024 36.609543 7.030593 
polygon
-0.044024 36.609543 7.030593 -1.507101 36.730122 6.221683 -2.025217 35.743332 6.091060 
polygon
0.000002 35.257111 -2.340532 -4.064344 35.257111 -0.641214 -3.694803 36.165401 -0.114575 
polygon
-3.694803 36.165401 -0.114575 0.000002 36.165401 -1.598022 0.000002 35.257111 -2.340532 
polygon
-4.064344 35.257111 -0.641214 -4.080351 35.360893 0.975355 -3.678823 36.271038 1.406901 
polygon
-3.678823 36.271038 1.406901 -3.694803 36.165401 -0.114575 -4.064344 35.257111 -0.641214 
polygon
-3.730494 35.464676 2.578634 -3.335100 36.376663 2.915870 -3.678823 36.271038 1.406901 
polygon
-3.678823 36.271038 1.406901 -4.080351 35.360893 0.975355 -3.730494 35.464676 2.578634 
polygon
-3.730494 35.464676 2.578634 -3.277056 35.568455 4.168622 -2.904520 36.482300 4.412330 
polygon
-2.904520 36.482300 4.412330 -3.335100 36.376663 2.915870 -3.730494 35.464676 2.578634 
polygon
-3.277056 35.568455 4.168622 -2.025217 35.743332 6.091060 -1.507101 36.730122 6.221683 
polygon
-1.507101 36.730122 6.221683 -2.904520 36.482300 4.412330 -3.277056 35.568455 4.168622 
polygon
-1.507101 36.730122 6.221683 -0.044024 36.609543 7.030593 0.000002 37.623272 8.134649 
polygon
-3.694803 36.165401 -0.114575 -2.170446 38.565323 0.784802 0.000002 38.414646 -0.042756 
polygon
0.000002 38.414646 -0.042756 0.000002 36.165401 -1.598022 -3.694803 36.165401 -0.114575 
polygon
-3.678823 36.271038 1.406901 -2.387560 38.812145 1.841613 -2.170446 38.565323 0.784802 
polygon
-2.170446 38.565323 0.784802 -3.694803 36.165401 -0.114575 -3.678823 36.271038 1.406901 
polygon
-3.335100 36.376663 2.915870 -2.427412 38.870274 3.726231 -2.387560 38.812145 1.841613 
polygon
-2.387560 38.812145 1.841613 -3.678823 36.271038 1.406901 -3.335100 36.376663 2.915870 
polygon
-2.904520 36.482300 4.412330 -2.362127 38.831890 5.730885 -2.427412 38.870274 3.726231 
polygon
-2.427412 38.870274 3.726231 -3.335100 36.376663 2.915870 -2.904520 36.482300 4.412330 
polygon
-1.507101 36.730122 6.221683 -0.623857 38.539589 7.853758 -1.353468 38.631878 6.792324 
polygon
0.000002 38.041824 10.013725 -0.325872 38.425472 10.040699 -0.623857 38.539589 7.853758 
polygon
-0.623857 38.539589 7.853758 0.000002 37.623272 8.134649 0.000002 38.041824 10.013725 
polygon
-0.967932 39.041882 0.877427 -1.079271 39.703449 2.055723 0.000002 40.167740 2.219964 
polygon
0.000002 40.167740 2.219964 0.000002 39.247139 0.892541 -0.967932 39.041882 0.877427 
polygon
-1.079271 39.703449 2.055723 -1.121756 40.156101 3.727198 0.000002 40.429710 3.727417 
polygon
0.000002 40.429710 3.727417 0.000002 40.167740 2.219964 -1.079271 39.703449 2.055723 
polygon
-1.121756 40.156101 3.727198 -1.110586 39.981380 5.804094 0.000002 40.190777 5.816256 
polygon
0.000002 40.190777 5.816256 0.000002 40.429710 3.727417 -1.121756 40.156101 3.727198 
polygon
0.000002 39.488674 7.039271 -0.626291 39.331837 6.963593 -0.271120 38.934319 8.123095 
polygon
-0.271120 38.934319 8.123095 0.000002 39.070934 8.262290 0.000002 39.488674 7.039271 
polygon
-0.271120 38.934319 8.123095 0.000002 38.607780 10.133162 0.000002 39.070934 8.262290 
polygon
-0.325872 38.425472 10.040699 0.000002 38.041824 10.013725 0.000002 38.057133 11.662742 
polygon
0.000002 38.607780 10.133162 -0.325872 38.425472 10.040699 0.000002 38.057133 11.662742 
polygon
-0.967932 39.041882 0.877427 0.000002 38.414646 -0.042756 -2.170446 38.565323 0.784802 
polygon
-2.170446 38.565323 0.784802 -2.387560 38.812145 1.841613 -1.079271 39.703449 2.055723 
polygon
-1.079271 39.703449 2.055723 -0.967932 39.041882 0.877427 -2.170446 38.565323 0.784802 
polygon
-2.387560 38.812145 1.841613 -2.427412 38.870274 3.726231 -1.121756 40.156101 3.727198 
polygon
-1.121756 40.156101 3.727198 -1.079271 39.703449 2.055723 -2.387560 38.812145 1.841613 
polygon
-2.427412 38.870274 3.726231 -2.362127 38.831890 5.730885 -1.110586 39.981380 5.804094 
polygon
-1.110586 39.981380 5.804094 -1.121756 40.156101 3.727198 -2.427412 38.870274 3.726231 
polygon
-0.626291 39.331837 6.963593 -1.353468 38.631878 6.792324 -0.623857 38.539589 7.853758 
polygon
-0.623857 38.539589 7.853758 -0.271120 38.934319 8.123095 -0.626291 39.331837 6.963593 
polygon
-0.623857 38.539589 7.853758 -0.325872 38.425472 10.040699 0.000002 38.607780 10.133162 
polygon
0.000002 38.607780 10.133162 -0.271120 38.934319 8.123095 -0.623857 38.539589 7.853758 
polygon
0.000002 39.247139 0.892541 0.000002 38.414646 -0.042756 -0.967932 39.041882 0.877427 
polygon
-1.203222 0.366029 -1.888621 -1.203238 0.808090 1.547211 -1.529306 -0.011295 1.292647 
polygon
-1.529306 -0.011295 1.292647 -1.718889 0.010799 -1.397239 -1.203222 0.366029 -1.888621 
polygon
-3.945364 0.048995 2.619658 -1.754900 0.029002 2.782907 -1.881525 -0.000315 3.777031 
polygon
-1.881525 -0.000315 3.777031 -3.757235 0.000000 3.709836 -3.945364 0.048995 2.619658 
polygon
-4.480593 0.823580 1.358199 -4.406435 0.350588 -1.752884 -3.969694 -0.011260 -1.279071 
polygon
-3.969694 -0.011260 -1.279071 -4.225008 0.010834 1.129398 -4.480593 0.823580 1.358199 
polygon
-4.406435 0.350588 -1.752884 -1.203222 0.366029 -1.888621 -1.718889 0.010799 -1.397239 
polygon
-1.718889 0.010799 -1.397239 -3.969694 -0.011260 -1.279071 -4.406435 0.350588 -1.752884 
polygon
-6.409170 30.455650 1.696526 -8.109915 26.006744 0.925491 -8.583147 26.197821 1.124042 
polygon
-8.109915 26.006744 0.925491 -6.861341 26.640636 4.660453 -7.534319 21.359583 5.185877 
polygon
-7.534319 21.359583 5.185877 -8.625624 20.725677 0.921592 -8.109915 26.006744 0.925491 
polygon
-6.861341 26.640636 4.660453 -8.583147 26.197821 1.124042 -9.231329 20.916754 1.067907 
polygon
-9.231329 20.916754 1.067907 -7.534319 21.359583 5.185877 -6.861341 26.640636 4.660453 
polygon
-8.583147 26.197821 1.124042 -8.109915 26.006744 0.925491 -8.625624 20.725677 0.921592 
polygon
-8.625624 20.725677 0.921592 -9.231329 20.916754 1.067907 -8.583147 26.197821 1.124042 
polygon
-8.625624 20.725677 0.921592 -7.534319 21.359583 5.185877 -8.110968 17.287952 4.242206 
polygon
-8.110968 17.287952 4.242206 -8.828218 16.654060 0.873455 -8.625624 20.725677 0.921592 
polygon
-7.534319 21.359583 5.185877 -9.231329 20.916754 1.067907 -9.423193 16.845137 0.977362 
polygon
-9.423193 16.845137 0.977362 -8.110968 17.287952 4.242206 -7.534319 21.359583 5.185877 
polygon
-9.231329 20.916754 1.067907 -8.625624 20.725677 0.921592 -8.828218 16.654060 0.873455 
polygon
-8.828218 16.654060 0.873455 -9.423193 16.845137 0.977362 -9.231329 20.916754 1.067907 
polygon
-8.828218 16.654060 0.873455 -8.110968 17.287952 4.242206 -8.348257 14.097528 2.773957 
polygon
-8.348257 14.097528 2.773957 -8.744055 14.070237 1.936293 -8.828218 16.654060 0.873455 
polygon
-8.110968 17.287952 4.242206 -9.423193 16.845137 0.977362 -8.744055 14.070237 1.936293 
polygon
-8.744055 14.070237 1.936293 -8.348257 14.097528 2.773957 -8.110968 17.287952 4.242206 
polygon
-9.423193 16.845137 0.977362 -8.828218 16.654060 0.873455 -8.744055 14.070237 1.936293 
polygon
-1.110586 39.981380 5.804094 -0.626291 39.331837 6.963593 0.000002 39.488674 7.039271 
polygon
0.000002 39.488674 7.039271 0.000002 40.190777 5.816256 -1.110586 39.981380 5.804094 
polygon
-1.507101 36.730122 6.221683 -1.353468 38.631878 6.792324 -2.362127 38.831890 5.730885 
polygon
-2.362127 38.831890 5.730885 -2.904520 36.482300 4.412330 -1.507101 36.730122 6.221683 
polygon
-1.110586 39.981380 5.804094 -2.362127 38.831890 5.730885 -1.353468 38.631878 6.792324 
polygon
-1.353468 38.631878 6.792324 -0.626291 39.331837 6.963593 -1.110586 39.981380 5.804094 
polygon
0.000002 2.634074 2.141191 -5.714613 2.634074 1.892067 -4.480593 0.823580 1.358199 
polygon
-4.480593 0.823580 1.358199 -1.203238 0.808090 1.547211 0.000002 2.634074 2.141191 
polygon
-5.714613 2.634074 1.892067 -5.572168 1.759180 -2.858449 -4.406435 0.350588 -1.752884 
polygon
-4.406435 0.350588 -1.752884 -4.480593 0.823580 1.358199 -5.714613 2.634074 1.892067 
polygon
-5.572168 1.759180 -2.858449 0.000002 1.759180 -3.035180 -1.203222 0.366029 -1.888621 
polygon
-1.203222 0.366029 -1.888621 -4.406435 0.350588 -1.752884 -5.572168 1.759180 -2.858449 
polygon
0.000002 1.759180 -3.035180 0.000002 2.634074 2.141191 -1.203238 0.808090 1.547211 
polygon
-1.203238 0.808090 1.547211 -1.203222 0.366029 -1.888621 0.000002 1.759180 -3.035180 
polygon
-1.203238 0.808090 1.547211 -1.721285 0.769289 3.037470 -1.529306 -0.011295 1.292647 
polygon
-1.529306 -0.011295 1.292647 -1.754900 0.029002 2.782907 -3.945364 0.048995 2.619658 
polygon
-3.945364 0.048995 2.619658 -4.225008 0.010834 1.129398 -1.529306 -0.011295 1.292647 
polygon
-4.225008 0.010834 1.129398 -3.945364 0.048995 2.619658 -3.941145 0.783284 2.848458 
polygon
-4.480593 0.823580 1.358199 -3.941145 0.783284 2.848458 -1.721285 0.769289 3.037470 
polygon
-1.721285 0.769289 3.037470 -1.203238 0.808090 1.547211 -4.480593 0.823580 1.358199 
polygon
-1.721285 0.769289 3.037470 -1.881525 -0.000315 3.777031 -1.754900 0.029002 2.782907 
polygon
-3.945364 0.048995 2.619658 -3.757235 0.000000 3.709836 -3.941145 0.783284 2.848458 
polygon
-3.941145 0.783284 2.848458 -3.757235 0.000000 3.709836 -1.881525 -0.000315 3.777031 
polygon
-1.881525 -0.000315 3.777031 -1.721285 0.769289 3.037470 -3.941145 0.783284 2.848458 
polygon
-4.225008 0.010834 1.129398 -3.941145 0.783284 2.848458 -4.480593 0.823580 1.358199 
polygon
-1.721285 0.769289 3.037470 -1.754900 0.029002 2.782907 -1.529306 -0.011295 1.292647 
polygon
-1.507101 36.730122 6.221683 0.000002 37.623272 8.134649 -0.623857 38.539589 7.853758 
polygon
-5.013674 32.922630 -2.160828 0.000002 32.922630 -4.046806 0.000002 29.594875 -6.295588 
polygon
0.000002 29.594875 -6.295588 -6.366503 29.594875 -4.477769 -5.013674 32.922630 -2.160828 
polygon
-6.366503 29.594875 -4.477769 -6.933218 30.025255 -1.345650 -5.217283 33.123104 -0.023030 
polygon
-5.217283 33.123104 -0.023030 -5.013674 32.922630 -2.160828 -6.366503 29.594875 -4.477769 
polygon
-6.933218 30.025255 -1.345650 -6.409170 30.455650 1.696526 -4.810869 33.323574 2.077936 
polygon
-4.810869 33.323574 2.077936 -5.217283 33.123104 -0.023030 -6.933218 30.025255 -1.345650 
polygon
-6.409170 30.455650 1.696526 -5.037859 30.886023 4.648760 -4.066072 33.524040 4.142068 
polygon
-4.066072 33.524040 4.142068 -4.810869 33.323574 2.077936 -6.409170 30.455650 1.696526 
polygon
-5.037859 30.886023 4.648760 -2.515520 31.316414 7.463762 -2.534986 33.724506 6.411435 
polygon
-2.534986 33.724506 6.411435 -4.066072 33.524040 4.142068 -5.037859 30.886023 4.648760 
polygon
0.000002 31.316414 8.794516 -0.030817 33.708698 7.447677 -2.534986 33.724506 6.411435 
polygon
-2.534986 33.724506 6.411435 -2.515520 31.316414 7.463762 0.000002 31.316414 8.794516 
polygon
0.000002 31.316414 8.794516 2.515524 31.316414 7.463762 2.547125 33.708698 6.411435 
polygon
2.547125 33.708698 6.411435 -0.030817 33.708698 7.447677 0.000002 31.316414 8.794516 
polygon
5.037859 30.886023 4.648761 4.096891 33.506508 4.142068 2.547125 33.708698 6.411435 
polygon
2.547125 33.708698 6.411435 2.515524 31.316414 7.463762 5.037859 30.886023 4.648761 
polygon
6.409169 30.455650 1.696526 4.810873 33.323574 2.077936 4.096891 33.506508 4.142068 
polygon
4.096891 33.506508 4.142068 5.037859 30.886023 4.648761 6.409169 30.455650 1.696526 
polygon
6.933219 30.025255 -1.345650 5.217284 33.123104 -0.023030 4.810873 33.323574 2.077936 
polygon
4.810873 33.323574 2.077936 6.409169 30.455650 1.696526 6.933219 30.025255 -1.345650 
polygon
6.366506 29.594875 -4.477769 5.013674 32.922630 -2.160828 5.217284 33.123104 -0.023030 
polygon
5.217284 33.123104 -0.023030 6.933219 30.025255 -1.345650 6.366506 29.594875 -4.477769 
polygon
0.000002 32.922630 -4.046806 5.013674 32.922630 -2.160828 6.366506 29.594875 -4.477769 
polygon
6.366506 29.594875 -4.477769 0.000002 29.594875 -6.295588 0.000002 32.922630 -4.046806 
polygon
-3.649591 34.654613 3.924915 -3.277056 35.568455 4.168622 -3.730494 35.464676 2.578634 
polygon
-3.730494 35.464676 2.578634 -4.125887 34.552689 2.241398 -3.649591 34.654613 3.924915 
polygon
-2.543329 34.756546 5.960437 -2.025217 35.743332 6.091060 -3.277056 35.568455 4.168622 
polygon
-3.277056 35.568455 4.168622 -3.649591 34.654613 3.924915 -2.543329 34.756546 5.960437 
polygon
-2.543329 34.756546 5.960437 -0.044024 34.733963 6.870461 -0.044024 35.671757 6.950527 
polygon
-0.044024 35.671757 6.950527 -2.025217 35.743332 6.091060 -2.543329 34.756546 5.960437 
polygon
2.560671 34.733963 5.960437 2.030054 35.744560 6.091060 -0.044024 35.671757 6.950527 
polygon
-0.044024 35.671757 6.950527 -0.044024 34.733963 6.870461 2.560671 34.733963 5.960437 
polygon
2.560671 34.733963 5.960437 3.693617 34.629570 3.924915 3.312094 35.565460 4.168622 
polygon
3.312094 35.565460 4.168622 2.030054 35.744560 6.091060 2.560671 34.733963 5.960437 
polygon
3.693617 34.629570 3.924915 4.125887 34.552689 2.241398 3.730497 35.464676 2.578634 
polygon
3.730497 35.464676 2.578634 3.312094 35.565460 4.168622 3.693617 34.629570 3.924915 
polygon
4.481882 34.450748 0.543808 4.080355 35.360893 0.975355 3.730497 35.464676 2.578634 
polygon
3.730497 35.464676 2.578634 4.125887 34.552689 2.241398 4.481882 34.450748 0.543808 
polygon
4.481882 34.450748 0.543808 4.433893 34.348816 -1.167853 4.064348 35.257111 -0.641214 
polygon
4.064348 35.257111 -0.641214 4.080355 35.360893 0.975355 4.481882 34.450748 0.543808 
polygon
4.433893 34.348816 -1.167853 0.000002 34.348816 -3.083042 0.000002 35.257111 -2.340532 
polygon
0.000002 35.257111 -2.340532 4.064348 35.257111 -0.641214 4.433893 34.348816 -1.167853 
polygon
-4.433889 34.348816 -1.167853 -4.064344 35.257111 -0.641214 0.000002 35.257111 -2.340532 
polygon
0.000002 35.257111 -2.340532 0.000002 34.348816 -3.083042 -4.433889 34.348816 -1.167853 
polygon
-4.481878 34.450748 0.543808 -4.080351 35.360893 0.975355 -4.064344 35.257111 -0.641214 
polygon
-4.064344 35.257111 -0.641214 -4.433889 34.348816 -1.167853 -4.481878 34.450748 0.543808 
polygon
-3.730494 35.464676 2.578634 -4.080351 35.360893 0.975355 -4.481878 34.450748 0.543808 
polygon
-4.481878 34.450748 0.543808 -4.125887 34.552689 2.241398 -3.730494 35.464676 2.578634 
polygon
1.750067 39.759899 1.136651 0.000002 39.572285 0.436451 0.000002 45.348507 -1.111284 
polygon
0.000002 45.348507 -1.111284 1.750067 45.536125 -0.411083 1.750067 39.759899 1.136651 
polygon
0.000002 39.572285 0.436451 -1.750074 39.759899 1.136651 -1.750074 45.536125 -0.411083 
polygon
-1.750074 45.536125 -0.411083 0.000002 45.348507 -1.111284 0.000002 39.572285 0.436451 
polygon
-1.750074 39.759899 1.136651 -2.474966 40.212852 2.827084 -2.474966 45.989075 1.279349 
polygon
-2.474966 45.989075 1.279349 -1.750074 45.536125 -0.411083 -1.750074 39.759899 1.136651 
polygon
-2.474966 40.212852 2.827084 -1.750074 40.665802 4.517516 -1.750074 46.442028 2.969781 
polygon
-1.750074 46.442028 2.969781 -2.474966 45.989075 1.279349 -2.474966 40.212852 2.827084 
polygon
-1.750074 40.665802 4.517516 0.000002 40.853420 5.217716 0.000002 46.629642 3.669981 
polygon
0.000002 46.629642 3.669981 -1.750074 46.442028 2.969781 -1.750074 40.665802 4.517516 
polygon
0.000002 40.853420 5.217716 1.750067 40.665802 4.517516 1.750067 46.442028 2.969781 
polygon
1.750067 46.442028 2.969781 0.000002 46.629642 3.669981 0.000002 40.853420 5.217716 
polygon
1.750067 40.665802 4.517516 2.474955 40.212852 2.827084 2.474955 45.989075 1.279349 
polygon
2.474955 45.989075 1.279349 1.750067 46.442028 2.969781 1.750067 40.665802 4.517516 
polygon
2.474955 40.212852 2.827084 1.750067 39.759899 1.136651 1.750067 45.536125 -0.411083 
polygon
1.750067 45.536125 -0.411083 2.474955 45.989075 1.279349 2.474955 40.212852 2.827084 
polygon
1.750067 45.536125 -0.411083 0.000002 45.348507 -1.111284 0.000002 45.989075 1.279349 
polygon
0.000002 45.348507 -1.111284 -1.750074 45.536125 -0.411083 0.000002 45.989075 1.279349 
polygon
-1.750074 45.536125 -0.411083 -2.474966 45.989075 1.279349 0.000002 45.989075 1.279349 
polygon
-2.474966 45.989075 1.279349 -1.750074 46.442028 2.969781 0.000002 45.989075 1.279349 
polygon
-1.750074 46.442028 2.969781 0.000002 46.629642 3.669981 0.000002 45.989075 1.279349 
polygon
0.000002 46.629642 3.669981 1.750067 46.442028 2.969781 0.000002 45.989075 1.279349 
polygon
1.750067 46.442028 2.969781 2.474955 45.989075 1.279349 0.000002 45.989075 1.279349 
polygon
2.474955 45.989075 1.279349 1.750067 45.536125 -0.411083 0.000002 45.989075 1.279349 
polygon
2.547598 38.911690 0.538265 0.000002 38.638573 -0.481025 0.000002 39.280369 -0.652994 
polygon
0.000002 39.280369 -0.652994 2.547598 39.553486 0.366296 2.547598 38.911690 0.538265 
polygon
0.000002 38.638573 -0.481025 -2.547606 38.911690 0.538267 -2.547613 39.553486 0.366300 
polygon
-2.547613 39.553486 0.366300 0.000002 39.280369 -0.652994 0.000002 38.638573 -0.481025 
polygon
-2.547606 38.911690 0.538267 -3.602854 39.571056 2.999053 -3.602854 40.212852 2.827083 
polygon
-3.602854 40.212852 2.827083 -2.547613 39.553486 0.366300 -2.547606 38.911690 0.538267 
polygon
-3.602854 39.571056 2.999053 -2.547613 40.230419 5.459835 -2.547606 40.872219 5.287872 
polygon
-2.547606 40.872219 5.287872 -3.602854 40.212852 2.827083 -3.602854 39.571056 2.999053 
polygon
-2.547613 40.230419 5.459835 0.000002 40.503540 6.479128 0.000002 41.145336 6.307160 
polygon
0.000002 41.145336 6.307160 -2.547606 40.872219 5.287872 -2.547613 40.230419 5.459835 
polygon
0.000002 40.503540 6.479128 2.547598 40.230423 5.459840 2.547606 40.872215 5.287868 
polygon
2.547606 40.872215 5.287868 0.000002 41.145336 6.307160 0.000002 40.503540 6.479128 
polygon
2.547598 40.230423 5.459840 3.602846 39.571056 2.999050 3.602846 40.212852 2.827085 
polygon
3.602846 40.212852 2.827085 2.547606 40.872215 5.287868 2.547598 40.230423 5.459840 
polygon
3.602846 39.571056 2.999050 2.547598 38.911690 0.538265 2.547598 39.553486 0.366296 
polygon
2.547598 39.553486 0.366296 3.602846 40.212852 2.827085 3.602846 39.571056 2.999050 
polygon
1.291822 39.236710 1.751250 0.000002 39.098217 1.234393 0.000002 38.638573 -0.481025 
polygon
0.000002 38.638573 -0.481025 2.547598 38.911690 0.538265 1.291822 39.236710 1.751250 
polygon
0.000002 39.572285 0.436451 1.750067 39.759899 1.136651 2.547598 39.553486 0.366296 
polygon
2.547598 39.553486 0.366296 0.000002 39.280369 -0.652994 0.000002 39.572285 0.436451 
polygon
0.000002 39.098217 1.234393 -1.291822 39.236710 1.751250 -2.547606 38.911690 0.538267 
polygon
-2.547606 38.911690 0.538267 0.000002 38.638573 -0.481025 0.000002 39.098217 1.234393 
polygon
-1.750074 39.759899 1.136651 0.000002 39.572285 0.436451 0.000002 39.280369 -0.652994 
polygon
0.000002 39.280369 -0.652994 -2.547613 39.553486 0.366300 -1.750074 39.759899 1.136651 
polygon
-1.291822 39.236710 1.751250 -1.826921 39.571056 2.999052 -3.602854 39.571056 2.999053 
polygon
-3.602854 39.571056 2.999053 -2.547606 38.911690 0.538267 -1.291822 39.236710 1.751250 
polygon
-2.474966 40.212852 2.827084 -1.750074 39.759899 1.136651 -2.547613 39.553486 0.366300 
polygon
-2.547613 39.553486 0.366300 -3.602854 40.212852 2.827083 -2.474966 40.212852 2.827084 
polygon
-1.826921 39.571056 2.999052 -1.291822 39.905403 4.246854 -2.547613 40.230419 5.459835 
polygon
-2.547613 40.230419 5.459835 -3.602854 39.571056 2.999053 -1.826921 39.571056 2.999052 
polygon
-1.750074 40.665802 4.517516 -2.474966 40.212852 2.827084 -3.602854 40.212852 2.827083 
polygon
-3.602854 40.212852 2.827083 -2.547606 40.872219 5.287872 -1.750074 40.665802 4.517516 
polygon
-1.291822 39.905403 4.246854 0.000002 40.043896 4.763711 0.000002 40.503540 6.479128 
polygon
0.000002 40.503540 6.479128 -2.547613 40.230419 5.459835 -1.291822 39.905403 4.246854 
polygon
0.000002 40.853420 5.217716 -1.750074 40.665802 4.517516 -2.547606 40.872219 5.287872 
polygon
-2.547606 40.872219 5.287872 0.000002 41.145336 6.307160 0.000002 40.853420 5.217716 
polygon
0.000002 40.043896 4.763711 1.291822 39.905403 4.246854 2.547598 40.230423 5.459840 
polygon
2.547598 40.230423 5.459840 0.000002 40.503540 6.479128 0.000002 40.043896 4.763711 
polygon
1.750067 40.665802 4.517516 0.000002 40.853420 5.217716 0.000002 41.145336 6.307160 
polygon
0.000002 41.145336 6.307160 2.547606 40.872215 5.287868 1.750067 40.665802 4.517516 
polygon
1.291822 39.905403 4.246854 1.826910 39.571056 2.999052 3.602846 39.571056 2.999050 
polygon
3.602846 39.571056 2.999050 2.547598 40.230423 5.459840 1.291822 39.905403 4.246854 
polygon
2.474955 40.212852 2.827084 1.750067 40.665802 4.517516 2.547606 40.872215 5.287868 
polygon
2.547606 40.872215 5.287868 3.602846 40.212852 2.827085 2.474955 40.212852 2.827084 
polygon
1.826910 39.571056 2.999052 1.291822 39.236710 1.751250 2.547598 38.911690 0.538265 
polygon
2.547598 38.911690 0.538265 3.602846 39.571056 2.999050 1.826910 39.571056 2.999052 
polygon
1.750067 39.759899 1.136651 2.474955 40.212852 2.827084 3.602846 40.212852 2.827085 
polygon
3.602846 40.212852 2.827085 2.547598 39.553486 0.366296 1.750067 39.759899 1.136651 
polygon
-1.113791 32.146927 8.453426 1.113794 32.146927 8.453426 1.113794 34.095818 7.328234 
polygon
1.113794 34.095818 7.328234 -1.113791 34.095818 7.328234 -1.113791 32.146927 8.453426 
polygon
1.113794 34.095818 7.328234 1.113794 32.146927 8.453426 1.183218 32.207672 8.418359 
polygon
1.183218 32.207672 8.418359 1.183218 34.035072 7.363308 1.113794 34.095818 7.328234 
polygon
-1.113791 32.146927 8.453426 -1.113791 34.095818 7.328234 -1.183218 34.035072 7.363308 
polygon
-1.183218 34.035072 7.363308 -1.183218 32.207672 8.418359 -1.113791 32.146927 8.453426 
polygon
1.183218 34.035072 7.363308 1.183218 32.207672 8.418359 3.474421 31.660976 8.733990 
polygon
3.474421 31.660976 8.733990 3.474421 34.581772 7.047670 1.183218 34.035072 7.363308 
polygon
-1.183218 32.207672 8.418359 -1.183218 34.035072 7.363308 -3.474417 34.581772 7.047670 
polygon
-3.474417 34.581772 7.047670 -3.474417 31.660976 8.733990 -1.183218 32.207672 8.418359 
ident
rotate
y 90
scale
9 9 9
move
250 50 0
apply
display
save
penguin.png
